fpl_id,name,team,position,price,total_points,minutes,PP90,PP90PM,goals,assists,clean_sheets,bonus,bps,form,goals_conceded,yellow_cards,red_cards,saves,penalties_missed,penalties_saved,team_code
253,Salah,LIV,M,13.0,8,86,8.37,0.64,1,0,1,0,20,8.0,0,0,0,0,0,0,14
372,Kane,TOT,F,12.5,1,90,1.0,0.08,0,0,0,0,5,1.0,1,1,0,0,0,0,6
23,Aubameyang,ARS,F,11.0,2,90,2.0,0.18,0,0,0,0,5,2.0,2,0,0,0,0,0,3
270,Sterling,MCI,M,11.0,7,86,7.33,0.67,1,0,1,0,22,7.0,0,1,0,0,0,0,43
306,Lukaku,MUN,F,11.0,1,23,3.91,0.36,0,0,0,0,-2,1.0,1,0,0,0,0,0,1
280,Agüero,MCI,F,11.0,2,78,2.31,0.21,0,0,1,0,4,2.0,0,0,0,0,0,0,43
295,Sánchez,MUN,M,10.5,5,90,5.0,0.48,0,1,0,0,22,5.0,1,0,0,0,0,0,1
281,Jesus,MCI,F,10.5,1,11,8.18,0.78,0,0,0,0,1,1.0,0,0,0,0,0,0,43
122,Hazard,CHE,M,10.5,4,14,25.71,2.45,0,1,0,0,21,4.0,0,0,0,0,0,0,8
273,De Bruyne,MCI,M,9.9,0,30,0.0,0.0,0,0,0,0,0,0.0,0,1,0,0,0,0,43
251,Mané,LIV,M,9.6,16,81,17.78,1.85,2,0,1,3,52,16.0,0,0,0,0,0,0,14
22,Lacazette,ARS,F,9.5,1,36,2.5,0.26,0,0,0,0,-4,1.0,1,0,0,0,0,0,3
257,Firmino,LIV,F,9.5,5,68,6.62,0.7,0,1,1,0,23,5.0,0,0,0,0,0,0,14
275,Sané,MCI,M,9.5,1,3,30.0,3.16,0,0,0,0,3,1.0,0,0,0,0,0,0,43
364,Eriksen,TOT,M,9.5,2,90,2.0,0.21,0,0,0,0,15,2.0,1,0,0,0,0,0,6
365,Alli,TOT,M,9.0,9,79,10.25,1.14,1,0,0,2,34,9.0,1,0,0,0,0,0,6
223,Mahrez,MCI,M,9.0,1,59,1.53,0.17,0,0,0,0,4,1.0,0,0,0,0,0,0,43
234,Vardy,LEI,F,9.0,6,27,20.0,2.22,1,0,0,1,25,6.0,1,0,0,0,0,0,13
134,Morata,CHE,F,9.0,2,90,2.0,0.22,0,0,1,0,1,2.0,0,0,0,0,0,0,8
13,Özil,ARS,M,8.5,2,90,2.0,0.24,0,0,0,0,10,2.0,2,0,0,0,0,0,3
367,Son,TOT,M,8.4,1,10,9.0,1.07,0,0,0,0,7,1.0,0,0,0,0,0,0,6
302,Pogba,MUN,M,8.1,10,83,10.84,1.34,1,0,1,2,29,10.0,0,0,0,0,0,0,1
276,Bernardo Silva,MCI,M,7.6,8,90,8.0,1.05,1,0,1,0,23,8.0,0,0,0,0,0,0,43
124,Willian,CHE,M,7.5,6,75,7.2,0.96,0,1,1,0,17,6.0,0,0,0,0,0,0,8
256,Keita,LIV,M,7.5,3,90,3.0,0.4,0,0,1,0,15,3.0,0,0,0,0,0,0,14
172,Sigurdsson,EVE,M,7.5,1,43,2.09,0.28,0,0,0,0,0,1.0,0,0,0,0,0,0,11
14,Ramsey,ARS,M,7.5,1,53,1.7,0.23,0,0,0,0,7,1.0,1,0,0,0,0,0,3
462,Shaqiri,LIV,M,7.4,1,8,11.25,1.52,0,0,0,0,1,1.0,0,0,0,0,0,0,14
415,Antonio,WHU,M,7.0,1,90,1.0,0.14,0,0,0,0,5,1.0,4,1,0,0,0,0,21
177,Tosun,EVE,F,7.0,5,80,5.62,0.8,0,1,0,0,18,5.0,2,0,0,0,0,0,11
59,Groß,BHA,M,7.0,1,59,1.53,0.22,0,0,0,0,6,1.0,2,0,0,0,0,0,36
305,Rashford,MUN,F,7.0,2,66,2.73,0.39,0,0,1,0,13,2.0,0,0,0,0,0,0,1
151,Zaha,CRY,F,7.0,5,90,5.0,0.71,1,0,1,0,17,5.0,0,1,0,0,0,0,31
370,Lucas Moura,TOT,M,7.0,2,67,2.69,0.38,0,0,0,0,8,2.0,1,0,0,0,0,0,6
476,Jahanbakhsh,BHA,M,7.0,1,19,4.74,0.68,0,0,0,0,3,1.0,0,0,0,0,0,0,36
18,Mkhitaryan,ARS,M,7.0,2,90,2.0,0.29,0,0,0,0,11,2.0,2,0,0,0,0,0,3
465,Felipe Anderson,WHU,M,7.0,2,61,2.95,0.42,0,0,0,0,10,2.0,3,0,0,0,0,0,21
417,Arnautovic,WHU,F,7.0,2,66,2.73,0.39,0,0,0,0,-1,2.0,3,0,0,0,0,0,21
453,Yarmolenko,WHU,M,7.0,1,23,3.91,0.56,0,0,0,0,3,1.0,1,0,0,0,0,0,21
393,Richarlison,EVE,M,6.6,14,85,14.82,2.25,2,0,0,3,46,14.0,2,1,0,0,0,0,11
265,Walker,MCI,D,6.5,7,90,7.0,1.08,0,0,1,1,27,7.0,0,0,0,0,0,0,43
115,Alonso,CHE,D,6.5,11,90,11.0,1.69,0,1,1,2,32,11.0,0,0,0,0,0,0,8
62,Murray,BHA,F,6.5,2,90,2.0,0.31,0,0,0,0,1,2.0,2,0,0,0,0,0,36
164,Walcott,EVE,M,6.5,2,90,2.0,0.31,0,0,0,0,6,2.0,2,0,0,0,0,0,11
87,Wood,BUR,F,6.5,2,72,2.5,0.38,0,0,1,0,2,2.0,0,0,0,0,0,0,90
150,Milivojevic,CRY,M,6.5,3,90,3.0,0.46,0,0,1,0,16,3.0,0,0,0,0,0,0,31
113,Azpilicueta,CHE,D,6.5,6,90,6.0,0.92,0,0,1,0,29,6.0,0,0,0,0,0,0,8
184,Sessegnon,FUL,M,6.5,2,90,2.0,0.31,0,0,0,0,6,2.0,2,0,0,0,0,0,54
326,Pérez,NEW,F,6.5,2,80,2.25,0.35,0,0,0,0,9,2.0,2,0,0,0,0,0,4
346,Elyounoussi,SOU,M,6.5,1,34,2.65,0.41,0,0,0,0,6,1.0,0,0,0,0,0,0,20
480,Mitrovic,FUL,F,6.5,2,90,2.0,0.31,0,0,0,0,3,2.0,2,0,0,0,0,0,54
125,Pedro,CHE,M,6.5,9,80,10.12,1.56,1,0,1,1,31,9.0,0,0,0,0,0,0,8
419,Chicharito,WHU,F,6.5,1,28,3.21,0.49,0,0,0,0,3,1.0,1,0,0,0,0,0,21
432,Jota,WOL,M,6.5,5,90,5.0,0.77,0,1,0,0,15,5.0,2,0,0,0,0,0,39
233,Maddison,LEI,M,6.5,2,62,2.9,0.45,0,0,0,0,10,2.0,1,0,0,0,0,0,13
152,Benteke,CRY,F,6.5,2,82,2.2,0.34,0,0,1,0,9,2.0,0,0,0,0,0,0,31
297,Mata,MUN,M,6.5,5,90,5.0,0.77,0,1,0,0,24,5.0,1,0,0,0,0,0,1
45,King,BOU,F,6.5,2,90,2.0,0.31,0,0,1,0,1,2.0,0,0,0,0,0,0,91
267,Mendy,MCI,D,6.1,15,90,15.0,2.46,0,2,1,3,46,15.0,0,0,0,0,0,0,43
391,Pereyra,WAT,M,6.1,16,86,16.74,2.74,2,0,1,3,56,16.0,0,0,0,0,0,0,57
317,Ritchie,NEW,M,6.0,5,68,6.62,1.1,0,1,0,0,19,5.0,2,0,0,0,0,0,4
236,Iheanacho,LEI,F,6.0,2,90,2.0,0.33,0,0,0,0,2,2.0,2,0,0,0,0,0,13
472,Sturridge,LIV,F,6.0,5,3,150.0,25.0,1,0,0,0,26,5.0,0,0,0,0,0,0,14
488,Muto,NEW,F,6.0,1,9,10.0,1.67,0,0,0,0,5,1.0,0,0,0,0,0,0,4
85,Barnes,BUR,F,6.0,1,14,6.43,1.07,0,0,0,0,4,1.0,0,0,0,0,0,0,90
396,Deeney,WAT,F,6.0,2,90,2.0,0.33,0,0,1,0,2,2.0,0,0,0,0,0,0,57
395,Gray,WAT,F,6.0,2,73,2.47,0.41,0,0,1,0,8,2.0,0,0,0,0,0,0,57
390,Doucouré,WAT,M,6.0,3,90,3.0,0.5,0,0,1,0,16,3.0,0,0,0,0,0,0,57
76,Gudmundsson,BUR,M,6.0,3,86,3.14,0.52,0,0,1,0,6,3.0,0,0,0,0,0,0,90
478,Schürrle,FUL,M,6.0,2,60,3.0,0.5,0,0,0,0,8,2.0,1,0,0,0,0,0,54
43,Wilson,BOU,F,6.0,8,90,8.0,1.33,1,1,1,1,31,8.0,0,0,0,0,1,0,91
304,Fred,MUN,M,6.0,2,75,2.4,0.4,0,0,1,0,8,2.0,0,1,0,0,0,0,1
356,Davies,TOT,D,6.0,2,90,2.0,0.33,0,0,0,0,15,2.0,1,0,0,0,0,0,6
211,Mounie,HUD,F,6.0,2,90,2.0,0.33,0,0,0,0,2,2.0,3,0,0,0,0,0,38
127,Barkley,CHE,M,6.0,3,67,4.03,0.67,0,0,1,0,12,3.0,0,0,0,0,0,0,8
349,Gabbiadini,SOU,F,6.0,1,18,5.0,0.83,0,0,0,0,3,1.0,0,0,0,0,0,0,20
348,Austin,SOU,F,6.0,2,71,2.54,0.42,0,0,1,0,5,2.0,0,0,0,0,0,0,20
247,Robertson,LIV,D,6.0,11,90,11.0,1.83,0,1,1,2,41,11.0,0,0,0,0,0,0,14
46,Defoe,BOU,F,6.0,1,1,90.0,15.0,0,0,0,0,3,1.0,0,0,0,0,0,0,91
355,Vertonghen,TOT,D,6.0,11,90,11.0,1.83,1,0,0,3,35,11.0,1,0,0,0,0,0,6
149,Townsend,CRY,M,6.0,3,87,3.1,0.52,0,0,1,0,9,3.0,0,0,0,0,0,0,31
282,De Gea,MUN,GK,6.0,3,90,3.0,0.5,0,0,0,0,15,3.0,1,0,0,3,0,0,1
359,Sánchez,TOT,D,6.0,5,90,5.0,0.83,0,1,0,0,24,5.0,1,0,0,0,0,0,6
360,Aurier,TOT,D,6.0,5,90,5.0,0.83,0,1,0,0,22,5.0,1,0,0,0,0,0,6
246,van Dijk,LIV,D,6.0,6,90,6.0,1.0,0,0,1,0,29,6.0,0,0,0,0,0,0,14
493,Rondón,NEW,F,6.0,1,31,2.9,0.48,0,0,0,0,0,1.0,0,0,0,0,0,0,4
118,Rüdiger,CHE,D,6.0,9,90,9.0,1.5,0,0,1,3,35,9.0,0,0,0,0,0,0,8
117,Moses,CHE,D,6.0,1,9,10.0,1.67,0,0,0,0,2,1.0,0,0,0,0,0,0,8
142,van Aanholt,CRY,D,5.5,11,90,11.0,2.0,0,1,1,2,36,11.0,0,0,0,0,0,0,31
492,Ghezzal,LEI,M,5.5,1,27,3.33,0.61,0,0,0,0,3,1.0,1,0,0,0,0,0,13
318,Shelvey,NEW,M,5.5,2,90,2.0,0.36,0,0,0,0,13,2.0,2,0,0,0,0,0,4
351,Lloris,TOT,GK,5.5,2,90,2.0,0.36,0,0,0,0,12,2.0,1,0,0,1,0,0,6
210,Depoitre,HUD,F,5.5,1,45,2.0,0.36,0,0,0,0,0,1.0,1,0,0,0,0,0,38
199,Mooy,HUD,M,5.5,2,90,2.0,0.36,0,0,0,0,24,2.0,3,0,0,0,0,0,38
343,Redmond,SOU,M,5.5,3,90,3.0,0.55,0,0,1,0,13,3.0,0,0,0,0,0,0,20
345,Armstrong,SOU,M,5.5,1,55,1.64,0.3,0,0,0,0,5,1.0,0,0,0,0,0,0,20
513,Vietto,FUL,F,5.5,1,19,4.74,0.86,0,0,0,0,6,1.0,1,0,0,0,0,0,54
258,Ings,SOU,F,5.5,1,34,2.65,0.48,0,0,0,0,6,1.0,0,0,0,0,0,0,20
220,Maguire,LEI,D,5.5,1,90,1.0,0.18,0,0,0,0,14,1.0,2,0,0,0,0,0,13
456,Seri,FUL,M,5.5,2,81,2.22,0.4,0,0,0,0,26,2.0,2,0,0,0,0,0,54
185,Johansen,FUL,M,5.5,1,8,11.25,2.05,0,0,0,0,6,1.0,0,0,0,0,0,0,54
156,Baines,EVE,D,5.5,1,90,1.0,0.18,0,0,0,0,17,1.0,2,0,0,0,0,0,11
225,Gray,LEI,M,5.5,2,90,2.0,0.36,0,0,0,0,15,2.0,2,0,0,0,0,0,13
176,Niasse,EVE,F,5.5,1,9,10.0,1.82,0,0,0,0,1,1.0,0,0,0,0,0,0,11
157,Coleman,EVE,D,5.5,1,90,1.0,0.18,0,0,0,0,8,1.0,2,0,0,0,0,0,11
498,Kepa,CHE,GK,5.5,6,90,6.0,1.09,0,0,1,0,23,6.0,0,0,0,1,0,0,8
437,Jiménez,WOL,F,5.5,6,90,6.0,1.09,1,0,0,0,25,6.0,2,0,0,0,0,0,39
17,Xhaka,ARS,M,5.5,1,69,1.3,0.24,0,0,0,0,10,1.0,2,1,0,0,0,0,3
262,Stones,MCI,D,5.5,8,90,8.0,1.45,0,0,1,2,30,8.0,0,0,0,0,0,0,43
268,Laporte,MCI,D,5.5,6,90,6.0,1.09,0,0,1,0,21,6.0,0,0,0,0,0,0,43
84,Vokes,BUR,F,5.5,1,17,5.29,0.96,0,0,0,0,2,1.0,0,0,0,0,0,0,90
272,Fernandinho,MCI,M,5.5,3,90,3.0,0.55,0,0,1,0,12,3.0,0,0,0,0,0,0,43
78,Hendrick,BUR,M,5.5,3,75,3.6,0.65,0,0,1,0,1,3.0,0,0,0,0,0,0,90
274,Gündogan,MCI,M,5.5,3,90,3.0,0.55,0,0,1,0,9,3.0,0,0,0,0,0,0,43
99,Hoilett,CAR,M,5.5,2,90,2.0,0.36,0,0,0,0,6,2.0,2,0,0,0,0,0,97
132,Loftus-Cheek,CHE,M,5.5,1,22,4.09,0.74,0,0,0,0,5,1.0,0,0,0,0,0,0,8
489,Snodgrass,WHU,M,5.5,1,45,2.0,0.36,0,0,0,0,5,1.0,2,0,0,0,0,0,21
291,Bailly,MUN,D,5.5,2,90,2.0,0.36,0,0,0,0,13,2.0,1,0,0,0,0,0,1
55,Knockaert,BHA,M,5.5,2,90,2.0,0.36,0,0,0,0,4,2.0,2,0,0,0,0,0,36
475,Moutinho,WOL,M,5.5,2,84,2.14,0.39,0,0,0,0,15,2.0,2,0,0,0,0,0,39
260,Ederson,MCI,GK,5.5,8,90,8.0,1.45,0,0,1,1,27,8.0,0,0,0,3,0,0,43
40,Fraser,BOU,M,5.5,11,90,11.0,2.0,1,0,1,3,38,11.0,0,0,0,0,0,0,91
101,Paterson,CAR,M,5.5,2,62,2.9,0.53,0,0,0,0,10,2.0,1,0,0,0,0,0,97
468,Alisson,LIV,GK,5.5,7,90,7.0,1.27,0,0,1,1,31,7.0,0,0,0,2,0,0,14
12,Sokratis,ARS,D,5.5,0,90,0.0,0.0,0,0,0,0,13,0.0,2,1,0,0,0,0,3
249,Henderson,LIV,M,5.5,1,21,4.29,0.78,0,0,0,0,3,1.0,0,0,0,0,0,0,14
116,David Luiz,CHE,D,5.5,5,90,5.0,0.91,0,0,1,0,27,5.0,0,1,0,0,0,0,8
7,Mustafi,ARS,D,5.5,1,90,1.0,0.18,0,0,0,0,16,1.0,2,0,0,0,0,0,3
252,Wijnaldum,LIV,M,5.5,3,90,3.0,0.55,0,0,1,0,7,3.0,0,0,0,0,0,0,14
110,Reid,CAR,F,5.5,2,87,2.07,0.38,0,0,0,0,8,2.0,1,0,0,0,0,0,97
4,Bellerín,ARS,D,5.5,1,90,1.0,0.18,0,0,0,0,17,1.0,2,0,0,0,0,0,3
254,Milner,LIV,M,5.5,6,90,6.0,1.09,0,1,1,0,26,6.0,0,0,0,0,0,0,14
320,Atsu,NEW,M,5.5,1,21,4.29,0.78,0,0,0,0,4,1.0,0,0,0,0,0,0,4
286,Shaw,MUN,D,5.1,11,90,11.0,2.16,1,0,0,3,30,11.0,1,0,0,0,0,0,1
459,Jorginho,CHE,M,5.1,9,90,9.0,1.76,1,0,1,1,31,9.0,0,0,0,0,0,0,8
433,Neves,WOL,M,5.1,12,90,12.0,2.35,1,1,0,2,44,12.0,2,0,0,0,0,0,39
309,Dubravka,NEW,GK,5.0,2,90,2.0,0.4,0,0,0,0,15,2.0,2,0,0,3,0,0,4
319,Diamé,NEW,M,5.0,1,90,1.0,0.2,0,0,0,0,7,1.0,2,1,0,0,0,0,4
221,Pereira,LEI,D,5.0,4,90,4.0,0.8,0,1,0,0,23,4.0,2,0,0,0,0,0,13
471,Diakhaby,HUD,M,5.0,1,19,4.74,0.95,0,0,0,0,2,1.0,1,0,0,0,0,0,38
481,Pereira,MUN,M,5.0,1,90,1.0,0.2,0,0,0,0,13,1.0,1,1,0,0,0,0,1
219,Chilwell,LEI,D,5.0,1,90,1.0,0.2,0,0,0,0,12,1.0,2,0,0,0,0,0,13
213,Schmeichel,LEI,GK,5.0,2,90,2.0,0.4,0,0,0,0,16,2.0,2,0,0,4,0,0,13
330,Bertrand,SOU,D,5.0,6,90,6.0,1.2,0,0,1,0,24,6.0,0,0,0,0,0,0,20
312,Lascelles,NEW,D,5.0,1,90,1.0,0.2,0,0,0,0,16,1.0,2,0,0,0,0,0,4
228,Iborra,LEI,M,5.0,1,10,9.0,1.8,0,0,0,0,5,1.0,1,0,0,0,0,0,13
298,Fellaini,MUN,M,5.0,1,6,15.0,3.0,0,0,0,0,4,1.0,1,0,0,0,0,0,1
327,Joselu,NEW,F,5.0,5,58,7.76,1.55,1,0,0,1,30,5.0,2,1,0,0,0,0,4
242,Gomez,LIV,D,5.0,6,90,6.0,1.2,0,0,1,0,27,6.0,0,0,0,0,0,0,14
458,Kenedy,NEW,M,5.0,2,90,2.0,0.4,0,0,0,0,8,2.0,2,0,0,0,0,0,4
245,Alexander-Arnold,LIV,D,5.0,5,90,5.0,1.0,0,0,1,0,22,5.0,0,1,0,0,0,0,14
231,Silva,LEI,M,5.0,2,79,2.28,0.46,0,0,0,0,13,2.0,1,0,0,0,0,0,13
227,Ndidi,LEI,M,5.0,2,90,2.0,0.4,0,0,0,0,13,2.0,2,0,0,0,0,0,13
289,Darmian,MUN,D,5.0,2,90,2.0,0.4,0,0,0,0,16,2.0,1,0,0,0,0,0,1
292,Lindelöf,MUN,D,5.0,2,90,2.0,0.4,0,0,0,0,15,2.0,1,0,0,0,0,0,1
206,Pritchard,HUD,M,5.0,1,45,2.0,0.4,0,0,0,0,2,1.0,2,0,0,0,0,0,38
1,Cech,ARS,GK,5.0,3,90,3.0,0.6,0,0,0,0,24,3.0,2,0,0,6,0,0,3
90,Morrison,CAR,D,5.0,1,90,1.0,0.2,0,0,0,0,14,1.0,2,0,0,0,0,0,97
71,Ward,BUR,D,5.0,6,90,6.0,1.2,0,0,1,0,24,6.0,0,0,0,0,0,0,90
72,Tarkowski,BUR,D,5.0,7,90,7.0,1.4,0,0,1,1,30,7.0,0,0,0,0,0,0,90
446,Sema,WAT,M,5.0,1,9,10.0,2.0,0,0,0,0,5,1.0,0,0,0,0,0,0,57
82,Cork,BUR,M,5.0,2,90,2.0,0.4,0,0,1,0,10,2.0,0,1,0,0,0,0,90
83,Lennon,BUR,M,5.0,3,90,3.0,0.6,0,0,1,0,6,3.0,0,0,0,0,0,0,90
392,Hughes,WAT,M,5.0,3,80,3.38,0.68,0,0,1,0,3,3.0,0,0,0,0,0,0,57
389,Capoue,WAT,M,5.0,2,90,2.0,0.4,0,0,1,0,8,2.0,0,1,0,0,0,0,57
438,Bonatini,WOL,F,5.0,1,19,4.74,0.95,0,0,0,0,3,1.0,0,0,0,0,0,0,39
98,Ralls,CAR,M,5.0,2,90,2.0,0.4,0,0,0,0,12,2.0,2,0,0,0,0,0,97
100,Mendez-Laing,CAR,M,5.0,2,62,2.9,0.58,0,0,0,0,4,2.0,1,0,0,0,0,0,97
106,Murphy,CAR,M,5.0,1,27,3.33,0.67,0,0,0,0,4,1.0,1,0,0,0,0,0,97
381,Janmaat,WAT,D,5.0,7,90,7.0,1.4,0,0,1,1,25,7.0,0,0,0,0,0,0,57
70,Mee,BUR,D,5.0,8,90,8.0,1.6,0,0,1,2,31,8.0,0,0,0,0,0,0,90
69,Lowton,BUR,D,5.0,6,90,6.0,1.2,0,0,1,0,26,6.0,0,0,0,0,0,0,90
11,Lichtsteiner,ARS,D,5.0,1,55,1.64,0.33,0,0,0,0,0,1.0,1,0,0,0,0,0,3
450,Torreira,ARS,M,5.0,1,20,4.5,0.9,0,0,0,0,5,1.0,0,0,0,0,0,0,3
447,Wilshere,WHU,M,5.0,2,90,2.0,0.4,0,0,0,0,10,2.0,4,0,0,0,0,0,21
31,Aké,BOU,D,5.0,8,90,8.0,1.6,0,0,1,2,33,8.0,0,0,0,0,0,0,91
35,Surman,BOU,M,5.0,3,90,3.0,0.6,0,0,1,0,8,3.0,0,0,0,0,0,0,91
37,Gosling,BOU,M,5.0,3,90,3.0,0.6,0,0,1,0,12,3.0,0,0,0,0,0,0,91
42,Brooks,BOU,M,5.0,3,66,4.09,0.82,0,0,1,0,3,3.0,0,0,0,0,0,0,91
44,Mousset,BOU,F,5.0,1,1,90.0,18.0,0,0,0,0,3,1.0,0,0,0,0,0,0,91
411,Noble,WHU,M,5.0,2,90,2.0,0.4,0,0,0,0,12,2.0,4,0,0,0,0,0,21
408,Fredericks,WHU,D,5.0,0,90,0.0,0.0,0,0,0,0,5,0.0,4,0,0,0,0,0,21
58,March,BHA,M,5.0,2,70,2.57,0.51,0,0,0,0,6,2.0,2,0,0,0,0,0,36
60,Pröpper,BHA,M,5.0,2,90,2.0,0.4,0,0,0,0,9,2.0,2,0,0,0,0,0,36
466,Bissouma,BHA,M,5.0,1,30,3.0,0.6,0,0,0,0,2,1.0,0,0,0,0,0,0,36
126,Kanté,CHE,M,5.0,8,90,8.0,1.6,1,0,1,0,30,8.0,0,0,0,0,0,0,8
162,Keane,EVE,D,5.0,5,90,5.0,1.0,0,1,0,1,27,5.0,2,0,0,0,0,0,11
182,Cairney,FUL,M,5.0,2,90,2.0,0.4,0,0,0,0,15,2.0,2,0,0,0,0,0,54
344,Lemina,SOU,M,5.0,3,90,3.0,0.6,0,0,1,0,7,3.0,0,0,0,0,0,0,20
412,Kouyaté,CRY,M,5.0,1,2,45.0,9.0,0,0,0,0,3,1.0,0,0,0,0,0,0,31
369,Sissoko,TOT,M,5.0,2,90,2.0,0.4,0,0,0,0,11,2.0,1,0,0,0,0,0,6
362,Dembélé,TOT,M,5.0,1,22,4.09,0.82,0,0,0,0,2,1.0,0,0,0,0,0,0,6
168,Gueye,EVE,M,5.0,2,90,2.0,0.4,0,0,0,0,15,2.0,2,0,0,0,0,0,11
361,Dier,TOT,M,5.0,1,87,1.03,0.21,0,0,0,0,15,1.0,1,1,0,0,0,0,6
484,Digne,EVE,D,5.0,1,4,22.5,4.5,0,0,0,0,2,1.0,0,0,0,0,0,0,11
510,Bryan,FUL,D,5.0,2,70,2.57,0.51,0,0,0,0,17,2.0,1,0,0,0,0,0,54
463,Vestergaard,SOU,D,5.0,6,90,6.0,1.2,0,0,1,0,23,6.0,0,0,0,0,0,0,20
153,Sørloth,CRY,F,5.0,1,7,12.86,2.57,0,0,0,0,4,1.0,0,0,0,0,0,0,31
154,Pickford,EVE,GK,5.0,1,90,1.0,0.2,0,0,0,0,13,1.0,2,0,0,2,0,0,11
147,McArthur,CRY,M,5.0,3,90,3.0,0.6,0,0,1,0,14,3.0,0,0,0,0,0,0,31
435,Costa,WOL,M,5.0,2,70,2.57,0.51,0,0,0,0,6,2.0,2,0,0,0,0,0,39
143,Sakho,CRY,D,5.0,7,90,7.0,1.4,0,0,1,1,33,7.0,0,0,0,0,0,0,31
378,Holebas,WAT,D,4.6,13,90,13.0,2.83,0,2,1,2,47,13.0,0,1,0,0,0,0,57
410,Masuaku,WHU,M,4.5,2,90,2.0,0.44,0,0,0,0,16,2.0,4,0,0,0,0,0,21
425,Doherty,WOL,D,4.5,1,90,1.0,0.22,0,0,0,0,11,1.0,2,0,0,0,0,0,39
406,Rice,WHU,D,4.5,0,45,0.0,0.0,0,0,0,0,5,0.0,2,0,0,0,0,0,21
333,Stephens,SOU,D,4.5,6,90,6.0,1.33,0,0,1,0,28,6.0,0,0,0,0,0,0,20
464,Balbuena,WHU,D,4.5,-1,90,-1.0,-0.22,0,0,0,0,16,-1.0,4,1,0,0,0,0,21
339,Oriol Romeu,SOU,M,4.5,3,90,3.0,0.67,0,0,1,0,12,3.0,0,0,0,0,0,0,20
332,Cédric,SOU,D,4.5,1,55,1.64,0.36,0,0,0,0,4,1.0,0,0,0,0,0,0,20
376,Cathcart,WAT,D,4.5,6,90,6.0,1.33,0,0,1,0,23,6.0,0,0,0,0,0,0,57
380,Kabasele,WAT,D,4.5,6,90,6.0,1.33,0,0,1,0,17,6.0,0,0,0,0,0,0,57
383,Kiko Femenía,WAT,D,4.5,1,3,30.0,6.67,0,0,0,0,5,1.0,0,0,0,0,0,0,57
336,Hoedt,SOU,D,4.5,6,90,6.0,1.33,0,0,1,0,22,6.0,0,0,0,0,0,0,20
523,Amos,TOT,M,4.5,1,2,45.0,10.0,0,0,0,0,3,1.0,0,0,0,0,0,0,6
328,McCarthy,SOU,GK,4.5,11,90,11.0,2.44,0,0,1,3,34,11.0,0,0,0,6,0,0,20
445,Foster,WAT,GK,4.5,6,90,6.0,1.33,0,0,1,0,23,6.0,0,0,0,0,0,0,57
524,Success,WAT,F,4.5,1,16,5.62,1.25,0,0,0,0,3,1.0,0,0,0,0,0,0,57
400,Fabianski,WHU,GK,4.5,1,90,1.0,0.22,0,0,0,0,18,1.0,4,0,0,4,0,0,21
403,Ogbonna,WHU,D,4.5,0,90,0.0,0.0,0,0,0,0,16,0.0,4,0,0,0,0,0,21
74,Taylor,BUR,D,4.5,1,3,30.0,6.67,0,0,0,0,2,1.0,0,0,0,0,0,0,90
80,Westwood,BUR,M,4.5,3,90,3.0,0.67,0,0,1,0,13,3.0,0,0,0,0,0,0,90
490,Hart,BUR,GK,4.5,7,90,7.0,1.56,0,0,1,0,26,7.0,0,0,0,3,0,0,90
88,Etheridge,CAR,GK,4.5,6,90,6.0,1.33,0,0,0,0,26,6.0,2,0,0,2,0,1,97
91,Bamba,CAR,D,4.5,1,90,1.0,0.22,0,0,0,0,7,1.0,2,0,0,0,0,0,97
92,Ecuele Manga,CAR,D,4.5,1,90,1.0,0.22,0,0,0,0,8,1.0,2,0,0,0,0,0,97
448,Gibbs-White,WOL,M,4.5,1,5,18.0,4.0,0,0,0,0,2,1.0,0,0,0,0,0,0,39
94,Bennett,CAR,D,4.5,1,90,1.0,0.22,0,0,0,0,14,1.0,2,0,0,0,0,0,97
105,Ward,CAR,M,4.5,1,28,3.21,0.71,0,0,0,0,3,1.0,1,0,0,0,0,0,97
109,Madine,CAR,F,4.5,1,2,45.0,10.0,0,0,0,0,5,1.0,1,0,0,0,0,0,97
135,Hennessey,CRY,GK,4.5,9,90,9.0,2.0,0,0,1,1,33,9.0,0,0,0,6,0,0,31
138,Tomkins,CRY,D,4.5,6,90,6.0,1.33,0,0,1,0,29,6.0,0,0,0,0,0,0,31
141,Schlupp,CRY,D,4.5,11,90,11.0,2.44,1,0,1,0,30,11.0,0,1,0,0,0,0,31
440,Bernardo,BHA,D,4.5,0,90,0.0,0.0,0,0,0,0,11,0.0,2,1,0,0,0,0,36
20,Maitland-Niles,ARS,M,4.5,1,34,2.65,0.59,0,0,0,0,7,1.0,1,0,0,0,0,0,3
451,Guendouzi,ARS,M,4.5,2,90,2.0,0.44,0,0,0,0,15,2.0,2,0,0,0,0,0,3
24,Begovic,BOU,GK,4.5,6,90,6.0,1.33,0,0,1,0,21,6.0,0,0,0,1,0,0,91
26,Francis,BOU,D,4.5,4,23,15.65,3.48,0,1,0,0,15,4.0,0,0,0,0,0,0,91
27,Steve Cook,BOU,D,4.5,6,90,6.0,1.33,0,0,1,0,25,6.0,0,0,0,0,0,0,91
28,Daniels,BOU,D,4.5,5,90,5.0,1.11,0,0,1,0,22,5.0,0,1,0,0,0,0,91
29,Adam Smith,BOU,D,4.5,6,90,6.0,1.33,0,0,1,0,25,6.0,0,0,0,0,0,0,91
47,Ryan,BHA,GK,4.5,2,90,2.0,0.44,0,0,0,0,15,2.0,2,0,0,3,0,0,36
48,Dunk,BHA,D,4.5,1,90,1.0,0.22,0,0,0,0,14,1.0,2,0,0,0,0,0,36
49,Duffy,BHA,D,4.5,1,90,1.0,0.22,0,0,0,0,16,1.0,2,0,0,0,0,0,36
50,Bruno,BHA,D,4.5,1,25,3.6,0.8,0,0,0,0,6,1.0,0,0,0,0,0,0,36
51,Bong,BHA,D,4.5,1,64,1.41,0.31,0,0,0,0,10,1.0,2,0,0,0,0,0,36
483,Jonny,WOL,D,4.5,1,75,1.2,0.27,0,0,0,0,6,1.0,2,0,0,0,0,0,39
56,Stephens,BHA,M,4.5,1,90,1.0,0.22,0,0,0,0,14,1.0,2,1,0,0,0,0,36
454,Patrício,WOL,GK,4.5,2,90,2.0,0.44,0,0,0,0,14,2.0,2,0,0,3,0,0,39
423,Boly,WOL,D,4.5,1,90,1.0,0.22,0,0,0,0,19,1.0,2,0,0,0,0,0,39
192,Schindler,HUD,D,4.5,0,90,0.0,0.0,0,0,0,0,6,0.0,3,1,0,0,0,0,38
195,Zanka,HUD,D,4.5,1,90,1.0,0.22,0,0,0,0,23,1.0,3,0,0,0,0,0,38
430,Coady,WOL,D,4.5,1,90,1.0,0.22,0,0,0,0,14,1.0,2,0,0,0,0,0,39
197,Hadergjonaj,HUD,D,4.5,1,90,1.0,0.22,0,0,0,0,12,1.0,3,0,0,0,0,0,38
198,Kongolo,HUD,D,4.5,0,90,0.0,0.0,0,0,0,0,7,0.0,3,1,0,0,0,0,38
201,Hogg,HUD,M,4.5,2,90,2.0,0.44,0,0,0,0,18,2.0,3,0,0,0,0,0,38
202,Billing,HUD,M,4.5,2,90,2.0,0.44,0,0,0,0,16,2.0,3,0,0,0,0,0,38
215,Morgan,LEI,D,4.5,1,90,1.0,0.22,0,0,0,0,16,1.0,2,0,0,0,0,0,13
226,Amartey,LEI,M,4.5,1,62,1.45,0.32,0,0,0,0,6,1.0,1,1,0,0,0,0,13
303,McTominay,MUN,M,4.5,1,14,6.43,1.43,0,0,0,0,3,1.0,1,0,0,0,0,0,1
310,Yedlin,NEW,D,4.5,1,90,1.0,0.22,0,0,0,0,6,1.0,2,0,0,0,0,0,4
311,Clark,NEW,D,4.5,1,90,1.0,0.22,0,0,0,0,9,1.0,2,0,0,0,0,0,4
313,Dummett,NEW,D,4.5,1,90,1.0,0.22,0,0,0,0,8,1.0,2,0,0,0,0,0,4
193,Löwe,HUD,D,4.5,1,70,1.29,0.29,0,0,0,0,9,1.0,2,0,0,0,0,0,38
158,Jagielka,EVE,D,4.5,-3,39,-6.92,-1.54,0,0,0,0,-5,-3.0,2,0,1,0,0,0,11
160,Holgate,EVE,D,4.5,0,47,0.0,0.0,0,0,0,0,8,0.0,2,0,0,0,0,0,11
167,Schneiderlin,EVE,M,4.5,2,90,2.0,0.44,0,0,0,0,14,2.0,2,0,0,0,0,0,11
9,Chambers,FUL,D,4.5,1,90,1.0,0.22,0,0,0,0,22,1.0,2,0,0,0,0,0,54
183,McDonald,FUL,M,4.5,1,90,1.0,0.22,0,0,0,0,16,1.0,2,1,0,0,0,0,54
189,Kamara,FUL,F,4.5,1,29,3.1,0.69,0,0,0,0,2,1.0,1,0,0,0,0,0,54
443,Souaré,CRY,D,4.5,1,1,90.0,20.0,0,0,0,0,3,1.0,0,0,0,0,0,0,31
455,Le Marchand,FUL,D,4.5,1,90,1.0,0.22,0,0,0,0,20,1.0,2,0,0,0,0,0,54
460,Christie,FUL,D,4.5,1,90,1.0,0.22,0,0,0,0,12,1.0,2,0,0,0,0,0,54
474,Fabri,FUL,GK,4.5,3,90,3.0,0.67,0,0,0,0,20,3.0,2,0,0,7,0,0,54
431,Vinagre,WOL,D,4.5,1,14,6.43,1.43,0,0,0,0,3,1.0,0,0,0,0,0,0,39
145,Wan-Bissaka,CRY,D,4.1,12,90,12.0,2.93,0,1,1,3,38,12.0,0,0,0,0,0,0,31
427,Bennett,WOL,D,4.0,1,90,1.0,0.25,0,0,0,0,18,1.0,2,0,0,0,0,0,39
95,Peltier,CAR,D,4.0,0,90,0.0,0.0,0,0,0,0,6,0.0,2,1,0,0,0,0,97
190,Hamer,HUD,GK,4.0,1,90,1.0,0.25,0,0,0,0,11,1.0,3,0,0,1,0,0,38
