assists,games,goals,understat_id,key_passes,npg,npxG,name,position,red_cards,shots,team,minutes,xA,xG,xGBuildup,xGChain,yellow_cards,xG90,xA90
0,1,2,838,2,2,0.96,Sadio Mané,F,0,4,LIV,84,0.12,0.96,0.8,1.82,0,1.03,0.13
0,1,2,6026,0,2,0.6,Richarlison,M,0,2,EVE,89,0.0,0.6,0.0,0.06,1,0.61,0.0
0,1,2,1723,1,2,0.27,Roberto Pereyra,M,0,4,WAT,89,0.32,0.27,0.16,0.71,0,0.27,0.33
0,1,1,757,0,1,0.1,Jeffrey Schlupp,M,0,1,CRY,90,0.0,0.1,0.07,0.18,1,0.1,0.0
1,1,1,6853,1,1,0.14,Rúben Neves,M,0,3,WOL,90,0.27,0.14,0.36,0.65,0,0.14,0.27
0,1,1,4105,1,1,0.63,Raúl Jiménez,F,0,3,WOL,90,0.02,0.63,0.0,0.65,0,0.63,0.02
0,1,1,3635,0,1,0.11,Bernardo Silva,M,0,1,MCI,90,0.0,0.11,0.69,0.79,0,0.11,0.0
0,1,1,1683,3,1,0.55,Ryan Fraser,M,0,2,BOU,90,0.47,0.55,0.0,0.76,0,0.55,0.47
0,1,1,1389,0,0,0.0,Jorginho,M,0,1,CHE,90,0.0,0.76,0.05,0.05,0,0.76,0.0
0,1,1,1250,2,1,1.55,Mohamed Salah,F,0,4,LIV,89,0.13,1.55,0.0,1.61,0,1.57,0.13
0,1,1,1006,1,1,0.16,Luke Shaw,D,0,2,MUN,90,0.04,0.16,0.04,0.2,0,0.16,0.04
0,1,1,866,2,1,0.56,Joselu,F,0,2,NEW,61,0.01,0.56,0.0,0.57,1,0.83,0.02
0,1,1,1740,0,0,0.02,Paul Pogba,M,0,2,MUN,85,0.0,0.78,0.3,0.32,0,0.83,0.0
0,1,1,755,1,1,1.23,Jamie Vardy,S,0,2,LEI,26,0.1,1.23,0.0,1.33,0,4.26,0.34
0,1,1,687,1,1,0.28,Pedro,F,0,1,CHE,82,0.06,0.28,0.15,0.49,0,0.31,0.06
0,1,1,645,0,1,0.58,Dele Alli,M,0,2,TOT,82,0.0,0.58,0.13,0.71,0,0.64,0.0
0,1,1,640,0,1,0.51,Jan Vertonghen,D,0,1,TOT,90,0.0,0.51,0.56,0.56,0,0.51,0.0
0,1,1,618,1,1,0.2,Raheem Sterling,M,0,3,MCI,90,0.07,0.2,0.11,0.38,1,0.2,0.07
0,1,1,522,0,1,0.61,Wilfried Zaha,F,0,3,CRY,90,0.0,0.61,0.13,0.73,1,0.61,0.0
0,1,1,483,0,1,0.76,Daniel Sturridge,S,0,2,LIV,1,0.0,0.76,0.0,0.08,0,68.74,0.0
0,1,1,751,0,1,0.1,N&#039;Golo Kanté,M,0,1,CHE,90,0.0,0.1,0.05,0.15,0,0.1,0.0
1,1,1,468,1,1,0.8,Callum Wilson,F,0,6,BOU,90,0.51,1.56,0.21,0.95,0,1.56,0.51
0,1,0,3304,0,0,0.0,Maxime Le Marchand,D,0,0,FUL,90,0.0,0.0,0.02,0.02,0,0.0,0.0
1,1,0,3600,1,0,0.06,Serge Aurier,D,0,1,TOT,90,0.43,0.06,0.56,0.62,0,0.06,0.43
0,1,0,3428,0,0,0.04,Hélder Costa,F,0,2,WOL,74,0.0,0.04,0.0,0.04,0,0.05,0.0
0,1,0,3422,0,0,0.02,João Moutinho,M,0,1,WOL,88,0.0,0.02,0.63,0.65,0,0.02,0.0
2,1,0,3389,2,0,0.11,Benjamin Mendy,D,0,2,MCI,90,0.18,0.11,0.33,0.51,0,0.11,0.18
0,1,0,3312,1,0,0.03,Jean Michael Seri,M,0,1,FUL,84,0.03,0.03,0.25,0.31,0,0.03,0.04
0,1,0,3276,0,0,0.0,Rachid Ghezzal,S,0,0,LEI,26,0.0,0.0,0.06,0.06,0,0.0,0.0
0,1,0,3303,2,0,0.02,Ricardo Pereira,M,0,1,LEI,90,0.37,0.02,1.0,1.28,0,0.02,0.37
0,1,0,3293,0,0,0.1,Lucas Moura,M,0,1,TOT,70,0.0,0.1,0.13,0.23,0,0.13,0.0
0,1,0,3277,0,0,0.16,Alexandre Lacazette,S,0,2,ARS,32,0.0,0.16,0.02,0.18,0,0.44,0.0
0,1,0,2587,0,0,0.0,Fabri,GK,0,0,FUL,90,0.0,0.0,0.0,0.0,0,0.0,0.0
0,1,0,2498,0,0,0.73,Aymeric Laporte,D,0,2,MCI,90,0.0,0.73,0.04,0.04,0,0.73,0.0
0,1,0,2385,0,0,0.0,Mat Ryan,GK,0,0,BHA,90,0.0,0.0,0.05,0.05,0,0.0,0.0
0,1,0,4027,0,0,0.0,Sol Bamba,M,0,0,CAR,90,0.0,0.0,0.11,0.11,0,0.0,0.0
0,1,0,3800,0,0,0.26,Steve Mounie,F,0,2,HUD,90,0.0,0.26,0.03,0.04,0,0.26,0.0
0,1,0,5215,1,0,0.0,Florent Hadergjonaj,M,0,0,HUD,90,0.07,0.0,0.0,0.07,0,0.0,0.07
0,1,0,4395,1,0,0.0,Junior Hoilett,M,0,0,CAR,90,0.03,0.0,0.32,0.32,0,0.0,0.03
0,1,0,4422,1,0,0.01,Ashley Barnes,S,0,1,BUR,13,0.12,0.01,0.0,0.13,0,0.08,0.85
0,1,0,4456,0,0,0.07,Chris Wood,F,0,2,BUR,74,0.0,0.07,0.11,0.15,0,0.08,0.0
0,1,0,4471,1,0,0.06,Mohamed Diamé,M,0,1,NEW,90,0.04,0.06,0.4,0.49,1,0.06,0.04
0,1,0,4497,0,0,0.03,Anthony Knockaert,M,0,1,BHA,90,0.0,0.03,0.07,0.1,0,0.03,0.0
0,1,0,4866,2,0,0.14,Aboubakar Kamara,S,0,2,FUL,27,0.04,0.14,0.02,0.17,0,0.45,0.12
0,1,0,4883,0,0,0.0,Bruno Ecuele Manga,D,0,0,CAR,90,0.0,0.0,0.0,0.0,0,0.0,0.0
0,1,0,5043,0,0,0.0,Kiko Femenía,S,0,0,WAT,1,0.0,0.0,0.0,0.0,0,0.0,0.0
0,1,0,5061,0,0,0.0,Kepa,GK,0,0,CHE,90,0.0,0.0,0.28,0.28,0,0.0,0.0
0,1,0,2280,0,0,0.03,Jonny,M,0,1,WOL,79,0.0,0.03,0.0,0.03,0,0.03,0.0
0,1,0,5245,0,0,0.0,Bernardo,D,0,0,BHA,90,0.0,0.0,0.12,0.12,1,0.0,0.0
0,1,0,5247,1,0,0.02,Naby Keita,M,0,1,LIV,90,0.14,0.02,1.81,1.95,0,0.02,0.14
0,1,0,5543,0,0,0.0,Gabriel Jesus,S,0,0,MCI,7,0.0,0.0,0.0,0.0,0,0.0,0.0
0,1,0,5545,1,0,0.05,Wilfred Ndidi,M,0,2,LEI,90,0.06,0.05,0.06,0.1,0,0.05,0.06
0,1,0,2344,1,0,0.02,Christian Atsu,S,0,1,NEW,19,0.09,0.02,0.0,0.11,0,0.09,0.41
0,1,0,1746,0,0,0.21,Jeff Hendrick,M,0,2,BUR,77,0.0,0.21,0.13,0.18,0,0.25,0.0
0,1,0,2274,2,0,0.02,Luciano Vietto,S,0,1,FUL,17,0.14,0.02,0.02,0.17,0,0.11,0.72
0,1,0,1699,0,0,0.01,Shkodran Mustafi,D,0,1,ARS,90,0.0,0.01,0.04,0.04,0,0.01,0.0
0,1,0,1621,1,0,0.66,Marcos Alonso,D,0,3,CHE,90,0.13,0.66,0.39,0.53,0,0.66,0.13
0,1,0,1652,0,0,0.02,Matthew Lowton,D,0,1,BUR,90,0.0,0.02,0.14,0.14,0,0.02,0.0
1,1,0,1653,1,0,0.03,Michael Keane,D,0,2,EVE,90,0.54,0.03,0.0,0.0,0,0.03,0.54
0,1,0,1654,1,0,0.04,Ben Mee,D,0,1,BUR,90,0.17,0.04,0.02,0.02,0,0.04,0.17
0,1,0,1655,0,0,0.08,Stephen Ward,D,0,1,BUR,90,0.0,0.08,0.02,0.02,0,0.08,0.0
0,1,0,1660,2,0,0.06,Andre Gray,F,0,2,WAT,76,0.14,0.06,0.08,0.26,0,0.07,0.16
0,1,0,1661,0,0,0.12,Sam Vokes,S,0,1,BUR,16,0.0,0.12,0.0,0.12,0,0.69,0.0
0,1,0,1663,2,0,0.29,Johann Berg Gudmundsson,M,0,3,BUR,88,0.05,0.29,0.0,0.24,0,0.29,0.05
0,1,0,1665,1,0,0.03,James Tarkowski,D,0,1,BUR,90,0.03,0.03,0.0,0.0,0,0.03,0.03
0,1,0,1676,0,0,0.0,David Luiz,D,0,0,CHE,90,0.0,0.0,0.05,0.05,1,0.0,0.0
0,1,0,1687,0,0,0.0,Harry Maguire,D,0,0,LEI,90,0.0,0.0,0.02,0.02,0,0.0,0.0
1,1,0,1688,2,0,0.0,Andrew Robertson,D,0,0,LIV,90,0.85,0.0,0.94,1.72,0,0.0,0.85
0,1,0,1691,0,0,0.0,Robert Snodgrass,S,0,0,WHU,42,0.0,0.0,0.0,0.0,0,0.0,0.0
0,1,0,1724,2,0,0.0,Isaac Success,S,0,0,WAT,14,0.11,0.0,0.02,0.11,0,0.0,0.69
0,1,0,2065,0,0,0.0,Vicente Iborra,S,0,0,LEI,9,0.0,0.0,0.06,0.06,0,0.0,0.0
0,1,0,1725,0,0,0.36,Christian Kabasele,D,0,2,WAT,90,0.0,0.36,0.0,0.0,0,0.36,0.0
0,1,0,1726,2,0,0.0,Abdoulaye Doucouré,M,0,0,WAT,90,0.1,0.0,0.0,0.06,0,0.0,0.1
0,1,0,1735,1,0,0.08,Jack Stephens,D,0,1,SOU,90,0.01,0.08,0.21,0.3,0,0.08,0.01
0,1,0,1739,0,0,0.0,Eric Bailly,D,0,0,MUN,90,0.0,0.0,0.08,0.08,0,0.0,0.0
0,1,0,5553,0,0,0.0,Declan Rice,M,0,0,WHU,48,0.0,0.0,0.1,0.1,0,0.0,0.0
0,1,0,1748,0,0,0.0,Lys Mousset,S,0,0,BOU,1,0.0,0.0,0.0,0.0,0,0.0,0.0
0,1,0,1750,1,0,0.0,Ainsley Maitland-Niles,D,0,0,ARS,34,0.05,0.0,0.0,0.05,0,0.0,0.12
0,1,0,1759,0,0,0.0,Ben Hamer,GK,0,0,HUD,90,0.0,0.0,0.0,0.0,0,0.0,0.0
0,1,0,1760,0,0,0.0,Arthur Masuaku,D,0,0,WHU,90,0.0,0.0,0.0,0.0,0,0.0,0.0
0,1,0,1791,0,0,0.05,Trent Alexander-Arnold,D,0,1,LIV,90,0.0,0.05,1.57,1.57,1,0.05,0.0
0,1,0,1804,0,0,0.24,Álvaro Morata,F,0,2,CHE,90,0.0,0.24,0.0,0.24,0,0.24,0.0
0,1,0,1822,1,0,0.05,Antonio Rüdiger,D,0,2,CHE,90,0.59,0.05,0.05,0.05,0,0.05,0.59
0,1,0,1823,0,0,0.0,Lucas Digne,S,0,0,EVE,1,0.0,0.0,0.0,0.0,0,0.0,0.0
0,1,0,5549,0,0,0.0,Luka Milivojevic,M,0,0,CRY,90,0.0,0.0,0.25,0.25,0,0.0,0.0
0,1,0,6034,0,0,0.04,Philip Billing,M,0,2,HUD,90,0.0,0.04,0.07,0.1,0,0.04,0.0
0,1,0,5560,0,0,0.0,Scott McTominay,S,0,0,MUN,13,0.0,0.0,0.09,0.09,0,0.0,0.0
1,1,0,5584,1,0,0.0,Aaron Wan-Bissaka,D,0,0,CRY,90,0.19,0.0,0.12,0.31,0,0.0,0.19
0,1,0,6821,0,0,0.0,Neil Etheridge,GK,0,0,CAR,90,0.0,0.0,0.04,0.04,0,0.0,0.0
0,1,0,6822,0,0,0.0,Lee Peltier,D,0,0,CAR,90,0.0,0.0,0.0,0.0,1,0.0,0.0
0,1,0,6823,1,0,0.23,Sean Morrison,D,0,1,CAR,90,0.13,0.23,0.0,0.0,0,0.23,0.13
0,1,0,6824,0,0,0.12,Nathaniel Mendez-Laing,M,0,2,CAR,65,0.0,0.12,0.04,0.15,0,0.16,0.0
0,1,0,6825,1,0,0.02,Joe Ralls,M,0,1,CAR,90,0.08,0.02,0.12,0.22,0,0.02,0.08
0,1,0,6826,1,0,0.11,Callum Paterson,M,0,1,CAR,65,0.04,0.11,0.12,0.23,0,0.16,0.05
0,1,0,6827,2,0,0.24,Bobby Reid,F,0,3,CAR,90,0.17,0.24,0.2,0.4,0,0.24,0.17
0,1,0,6828,2,0,0.18,Josh Murphy,S,0,2,CAR,25,0.34,0.18,0.0,0.17,0,0.65,1.23
0,1,0,6829,0,0,0.0,Gary Madine,S,0,0,CAR,1,0.0,0.0,0.0,0.0,0,0.0,0.0
0,1,0,6830,0,0,0.0,Danny Ward,S,0,0,CAR,25,0.0,0.0,0.0,0.0,0,0.0,0.0
0,1,0,6833,1,0,0.01,Cyrus Christie,D,0,1,FUL,90,0.04,0.01,0.22,0.24,0,0.01,0.04
0,1,0,6834,1,0,0.0,Joe Bryan,D,0,0,FUL,73,0.11,0.0,0.21,0.21,0,0.0,0.13
0,1,0,6835,1,0,0.02,Tom Cairney,M,0,1,FUL,90,0.01,0.02,0.23,0.26,0,0.02,0.01
0,1,0,6836,0,0,0.01,Kevin McDonald,M,0,1,FUL,90,0.0,0.01,0.13,0.14,1,0.01,0.0
0,1,0,6837,1,0,0.04,Ryan Sessegnon,F,0,1,FUL,90,0.02,0.04,0.24,0.24,0,0.04,0.02
0,1,0,6838,0,0,0.0,Stefan Johansen,S,0,0,FUL,6,0.0,0.0,0.0,0.0,0,0.0,0.0
0,1,0,6841,0,0,0.0,Ken Sema,S,0,0,WAT,7,0.0,0.0,0.09,0.09,0,0.0,0.0
0,1,0,6842,1,0,0.0,Alireza Jahanbakhsh,S,0,0,BHA,17,0.02,0.0,0.0,0.0,0,0.0,0.12
0,1,0,6849,0,0,0.0,Rui Patrício,GK,0,0,WOL,90,0.0,0.0,0.29,0.29,0,0.0,0.0
0,1,0,6850,0,0,0.0,Willy Boly,D,0,0,WOL,90,0.0,0.0,0.63,0.63,0,0.0,0.0
0,1,0,6851,0,0,0.0,Conor Coady,D,0,0,WOL,90,0.0,0.0,0.28,0.28,0,0.0,0.0
0,1,0,6852,1,0,0.0,Matt Doherty,M,0,0,WOL,90,0.07,0.0,0.35,0.35,0,0.0,0.07
0,1,0,6854,0,0,0.01,Diogo Jota,F,0,1,WOL,90,0.0,0.01,0.0,0.01,0,0.01,0.0
0,1,0,6855,0,0,0.0,Léo Bonatini,S,0,0,WOL,16,0.0,0.0,0.27,0.27,0,0.0,0.0
0,1,0,6856,0,0,0.0,Rúben Vinagre,S,0,0,WOL,11,0.0,0.0,0.34,0.34,0,0.0,0.0
0,1,0,6857,0,0,0.0,Morgan Gibbs-White,S,0,0,WOL,2,0.0,0.0,0.01,0.01,0,0.0,0.0
0,1,0,6891,0,0,0.0,Ryan Fredericks,D,0,0,WHU,90,0.0,0.0,0.1,0.1,0,0.0,0.0
0,1,0,6892,0,0,0.05,Fabián Balbuena,D,0,1,WHU,90,0.0,0.05,0.1,0.1,1,0.05,0.0
0,1,0,6893,2,0,0.0,Stuart Armstrong,M,0,0,SOU,57,0.1,0.0,0.04,0.04,0,0.0,0.15
0,1,0,6820,0,0,0.16,David Brooks,M,0,1,BOU,69,0.0,0.16,0.0,0.16,0,0.21,0.0
0,1,0,6819,0,0,0.0,Luke Amos,S,0,0,TOT,1,0.0,0.0,0.0,0.0,0,0.0,0.0
0,1,0,6818,1,0,0.13,James Maddison,M,0,2,LEI,64,0.02,0.13,0.0,0.11,0,0.19,0.03
0,1,0,6049,1,0,0.0,Solly March,M,0,0,BHA,73,0.25,0.0,0.15,0.41,0,0.0,0.31
0,1,0,5609,0,0,0.29,Yves Bissouma,S,0,2,BHA,28,0.0,0.29,0.25,0.25,0,0.93,0.0
0,1,0,5740,0,0,0.0,Adama Diakhaby,S,0,0,HUD,18,0.0,0.0,0.03,0.03,0,0.0,0.0
0,1,0,5759,0,0,0.02,Matteo Guendouzi,M,0,1,ARS,90,0.0,0.02,0.15,0.15,0,0.02,0.0
0,1,0,6030,1,0,0.0,Zanka,D,0,0,HUD,90,0.25,0.0,0.0,0.0,0,0.0,0.25
0,1,0,6031,0,0,0.0,Christopher Schindler,D,0,0,HUD,90,0.0,0.0,0.02,0.02,1,0.0,0.0
0,1,0,6032,1,0,0.0,Chris Löwe,M,0,0,HUD,72,0.02,0.0,0.0,0.02,0,0.0,0.03
0,1,0,6033,1,0,0.0,Aaron Mooy,M,0,0,HUD,90,0.01,0.0,0.0,0.0,0,0.0,0.01
0,1,0,1303,0,0,0.0,Stephan Lichtsteiner,S,0,0,ARS,56,0.0,0.0,0.02,0.02,0,0.0,0.0
0,1,0,6038,1,0,0.07,Laurent Depoitre,S,0,1,HUD,43,0.03,0.07,0.0,0.1,0,0.15,0.06
0,1,0,6044,0,0,0.0,Charlie Taylor,S,0,0,BUR,2,0.0,0.0,0.0,0.0,0,0.0,0.0
0,1,0,6046,1,0,0.0,Bruno,D,0,0,BHA,25,0.07,0.0,0.07,0.07,0,0.0,0.27
0,1,0,6047,0,0,0.0,Shane Duffy,D,0,0,BHA,90,0.0,0.0,0.05,0.05,0,0.0,0.0
0,1,0,6048,0,0,0.0,Lewis Dunk,D,0,0,BHA,90,0.0,0.0,0.07,0.07,0,0.0,0.0
0,1,0,6050,0,0,0.02,Davy Pröpper,M,0,1,BHA,90,0.0,0.02,0.12,0.12,0,0.02,0.0
0,1,0,6817,0,0,0.0,Fred,M,0,0,MUN,77,0.0,0.0,0.1,0.1,1,0.0,0.0
0,1,0,6051,1,0,0.07,Dale Stephens,M,0,1,BHA,90,0.03,0.07,0.12,0.15,1,0.07,0.03
0,1,0,6054,0,0,0.0,Ederson,GK,0,0,MCI,90,0.0,0.0,0.07,0.07,0,0.0,0.0
0,1,0,6067,0,0,0.0,Terence Kongolo,D,0,0,HUD,90,0.0,0.0,0.0,0.0,1,0.0,0.0
0,1,0,6080,0,0,0.0,Victor Lindelöf,D,0,0,MUN,90,0.0,0.0,0.04,0.04,0,0.0,0.0
0,1,0,6104,0,0,0.12,Will Hughes,M,0,3,WAT,83,0.0,0.12,0.08,0.14,0,0.13,0.0
0,1,0,6105,0,0,0.0,Gaëtan Bong,S,0,0,BHA,65,0.0,0.0,0.3,0.3,0,0.0,0.0
1,1,0,6249,1,0,0.44,Davinson Sánchez,D,0,3,TOT,90,0.51,0.44,0.43,0.43,0,0.44,0.51
0,1,0,6274,0,0,0.0,Andriy Yarmolenko,S,0,0,WHU,21,0.0,0.0,0.0,0.0,0,0.0,0.0
0,1,0,6301,0,0,0.0,Jonathan Hogg,M,0,0,HUD,90,0.0,0.0,0.0,0.0,0,0.0,0.0
0,1,0,6464,0,0,0.0,Adrien Silva,M,0,0,LEI,81,0.0,0.0,0.06,0.06,0,0.0,0.0
1,1,0,6477,1,0,0.04,Cenk Tosun,F,0,1,EVE,84,0.06,0.04,0.0,0.11,0,0.04,0.07
0,1,0,6531,1,0,0.0,Alexander Sørloth,S,0,0,CRY,5,0.07,0.0,0.0,0.0,0,0.0,1.24
0,1,0,6532,0,0,0.0,Martin Dubravka,GK,0,0,NEW,90,0.0,0.0,0.01,0.01,0,0.0,0.0
0,1,0,1383,0,0,0.0,Manolo Gabbiadini,S,0,0,SOU,17,0.0,0.0,0.0,0.0,0,0.0,0.0
0,1,0,922,0,0,0.0,Andreas Pereira,M,0,0,MUN,90,0.0,0.0,0.12,0.12,1,0.0,0.0
0,1,0,1299,0,0,0.2,Mario Lemina,M,0,4,SOU,90,0.0,0.2,0.15,0.25,0,0.2,0.0
0,1,0,1257,0,0,0.0,Alisson,GK,0,0,LIV,90,0.0,0.0,0.92,0.92,0,0.0,0.0
0,1,0,528,1,0,0.0,Angelo Ogbonna,D,0,0,WHU,90,0.1,0.0,0.0,0.1,0,0.0,0.1
0,1,0,530,0,0,0.0,James Tomkins,D,0,0,CRY,90,0.0,0.0,0.19,0.19,0,0.0,0.0
0,1,0,531,1,0,0.14,Michail Antonio,M,0,2,WHU,90,0.11,0.14,0.0,0.12,1,0.14,0.11
0,1,0,532,0,0,0.07,Cheikhou Kouyaté,S,0,1,CRY,1,0.0,0.07,0.0,0.07,0,6.2,0.0
0,1,0,533,0,0,0.0,Mark Noble,M,0,0,WHU,90,0.0,0.0,0.1,0.1,0,0.0,0.0
0,1,0,541,1,0,0.0,Victor Moses,S,0,0,CHE,8,0.1,0.0,0.0,0.1,0,0.0,1.16
0,1,0,546,0,0,0.0,David de Gea,GK,0,0,MUN,90,0.0,0.0,0.0,0.0,0,0.0,0.0
0,1,0,551,0,0,0.0,Morgan Schneiderlin,M,0,0,EVE,90,0.0,0.0,0.0,0.0,0,0.0,0.0
1,1,0,554,2,0,0.08,Juan Mata,F,0,1,MUN,90,0.16,0.08,0.18,0.26,0,0.08,0.16
0,1,0,556,0,0,0.0,Marcus Rashford,F,0,0,MUN,68,0.0,0.0,0.14,0.14,0,0.0,0.0
0,1,0,557,0,0,0.03,Matteo Darmian,D,0,1,MUN,90,0.0,0.03,0.06,0.09,0,0.03,0.0
2,1,0,568,5,0,0.06,José Holebas,D,0,1,WAT,90,0.43,0.06,0.05,0.14,1,0.06,0.43
0,1,0,572,0,0,0.1,Etienne Capoue,M,0,3,WAT,90,0.0,0.1,0.08,0.14,1,0.1,0.0
0,1,0,574,0,0,0.38,Troy Deeney,F,0,2,WAT,90,0.0,0.38,0.0,0.38,0,0.38,0.0
0,1,0,579,0,0,0.0,Nathan Aké,D,0,0,BOU,90,0.0,0.0,0.0,0.0,0,0.0,0.0
0,1,0,581,0,0,0.0,Craig Cathcart,D,0,0,WAT,90,0.0,0.0,0.0,0.0,0,0.0,0.0
0,1,0,585,0,0,0.04,Seamus Coleman,D,0,1,EVE,90,0.0,0.04,0.0,0.04,0,0.04,0.0
0,1,0,586,0,0,0.0,John Stones,D,0,0,MCI,90,0.0,0.0,0.03,0.03,0,0.0,0.0
0,1,0,587,0,0,0.0,Phil Jagielka,D,1,0,EVE,39,0.0,0.0,0.0,0.0,0,0.0,0.0
0,1,0,588,2,0,0.0,Leighton Baines,D,0,0,EVE,90,0.03,0.0,0.06,0.06,0,0.0,0.03
0,1,0,592,1,0,0.06,Ross Barkley,M,0,1,CHE,69,0.05,0.06,0.0,0.11,0,0.08,0.06
0,1,0,593,0,0,0.51,Aaron Lennon,M,0,1,BUR,90,0.0,0.51,0.0,0.51,0,0.51,0.0
0,1,0,594,0,0,0.42,Romelu Lukaku,S,0,1,MUN,22,0.0,0.42,0.0,0.42,0,1.72,0.0
0,1,0,599,0,0,0.0,Oumar Niasse,S,0,0,EVE,6,0.0,0.0,0.0,0.0,0,0.0,0.0
0,1,0,605,0,0,0.0,Jordan Henderson,S,0,0,LIV,19,0.0,0.0,0.03,0.03,0,0.0,0.0
0,1,0,606,2,0,0.09,Christian Benteke,F,0,2,CRY,85,0.37,0.09,0.45,0.84,0,0.09,0.39
0,1,0,609,0,0,0.0,Joe Hart,GK,0,0,BUR,90,0.0,0.0,0.0,0.0,0,0.0,0.0
0,1,0,614,1,0,0.0,Fernandinho,M,0,0,MCI,90,0.03,0.0,0.62,0.62,0,0.0,0.03
0,1,0,619,2,0,0.64,Sergio Agüero,F,0,3,MCI,83,0.15,0.64,0.0,0.79,0,0.7,0.16
0,1,0,513,0,0,0.0,Pape Souaré,S,0,0,CRY,1,0.0,0.0,0.0,0.0,0,0.0,0.0
0,1,0,509,0,0,0.0,Wayne Hennessey,GK,0,0,CRY,90,0.0,0.0,0.36,0.36,0,0.0,0.0
0,1,0,508,0,0,0.0,Calum Chambers,D,0,0,FUL,90,0.0,0.0,0.14,0.14,0,0.0,0.0
1,1,0,456,1,0,0.0,Simon Francis,S,0,0,BOU,21,0.31,0.0,0.0,0.0,0,0.0,1.33
0,1,0,47,0,0,0.04,Yoshinori Muto,S,0,1,NEW,7,0.0,0.04,0.0,0.04,0,0.51,0.0
0,1,0,111,1,0,0.07,Jannik Vestergaard,D,0,1,SOU,90,0.03,0.07,0.04,0.07,0,0.07,0.03
0,1,0,154,1,0,0.0,André Schürrle,F,0,0,FUL,63,0.1,0.0,0.1,0.1,0,0.0,0.14
0,1,0,191,0,0,0.0,Chicharito,S,0,0,WHU,26,0.0,0.0,0.0,0.0,0,0.0,0.0
0,1,0,204,0,0,0.0,Granit Xhaka,M,0,0,ARS,74,0.0,0.0,0.0,0.0,1,0.0,0.0
0,1,0,239,1,0,0.0,Pascal Groß,M,0,0,BHA,62,0.05,0.0,0.0,0.05,0,0.0,0.07
0,1,0,314,0,0,0.09,Ilkay Gündogan,M,0,2,MCI,90,0.0,0.09,0.21,0.3,0,0.09,0.0
0,1,0,317,2,0,0.16,Henrikh Mkhitaryan,M,0,2,ARS,90,0.12,0.16,0.12,0.41,0,0.16,0.12
0,1,0,318,1,0,0.02,Pierre-Emerick Aubameyang,F,0,1,ARS,90,0.05,0.02,0.08,0.15,0,0.02,0.05
0,1,0,337,1,0,0.03,Leroy Sané,S,0,1,MCI,1,0.01,0.03,0.03,0.05,0,2.96,1.32
0,1,0,371,1,0,0.0,Sokratis,D,0,0,ARS,90,0.03,0.0,0.04,0.04,1,0.0,0.03
0,1,0,447,1,0,0.01,Kevin De Bruyne,S,0,1,MCI,26,0.03,0.01,0.03,0.05,1,0.05,0.11
0,1,0,453,0,0,0.0,Son Heung-Min,S,0,0,TOT,8,0.0,0.0,0.0,0.0,0,0.0,0.0
0,1,0,458,0,0,0.0,Steve Cook,D,0,0,BOU,90,0.0,0.0,0.0,0.0,0,0.0,0.0
0,1,0,504,1,0,0.03,Aaron Ramsey,M,0,1,ARS,58,0.06,0.03,0.0,0.09,0,0.05,0.09
0,1,0,459,1,0,0.0,Charlie Daniels,D,0,0,BOU,90,0.05,0.0,0.08,0.13,1,0.0,0.05
0,1,0,460,0,0,0.05,Andrew Surman,M,0,1,BOU,90,0.0,0.05,0.0,0.05,0,0.05,0.0
1,1,0,461,2,0,0.03,Matt Ritchie,M,0,2,NEW,71,0.41,0.03,0.0,0.41,0,0.04,0.52
0,1,0,462,0,0,0.03,Dan Gosling,M,0,1,BOU,90,0.0,0.03,0.63,0.66,0,0.03,0.0
0,1,0,465,1,0,0.05,Joshua King,F,0,1,BOU,90,0.04,0.05,0.58,0.67,0,0.05,0.04
1,1,0,482,2,0,0.14,Roberto Firmino,F,0,1,LIV,71,0.78,0.14,0.64,0.92,0,0.17,0.99
0,1,0,485,0,0,0.0,Mamadou Sakho,D,0,0,CRY,90,0.0,0.0,0.16,0.16,0,0.0,0.0
1,1,0,489,3,0,0.07,James Milner,M,0,1,LIV,90,0.92,0.07,1.11,1.82,0,0.07,0.92
0,1,0,491,0,0,0.0,Petr Cech,GK,0,0,ARS,90,0.0,0.0,0.02,0.02,0,0.0,0.0
0,1,0,492,1,0,0.05,Héctor Bellerín,D,0,1,ARS,90,0.02,0.05,0.02,0.09,0,0.05,0.02
0,1,0,498,4,0,0.04,Alexis Sánchez,F,0,1,MUN,90,0.55,0.04,0.12,0.66,0,0.04,0.55
0,1,0,499,2,0,0.0,Mesut Özil,M,0,0,ARS,90,0.11,0.0,0.15,0.15,0,0.0,0.11
0,1,0,503,0,0,0.0,Theo Walcott,M,0,0,EVE,90,0.0,0.0,0.0,0.0,0,0.0,0.0
0,1,0,620,0,0,0.08,Kelechi Iheanacho,F,0,2,LEI,90,0.0,0.08,0.28,0.37,0,0.08,0.0
0,1,0,630,0,0,0.0,Marouane Fellaini,S,0,0,MUN,5,0.0,0.0,0.0,0.0,0,0.0,0.0
0,1,0,633,1,0,0.0,James McArthur,M,0,0,CRY,90,0.02,0.0,0.15,0.15,0,0.0,0.02
0,1,0,847,0,0,0.0,Cédric Soares,M,0,0,SOU,57,0.0,0.0,0.04,0.04,0,0.0,0.0
0,1,0,772,0,0,0.13,Moussa Sissoko,M,0,1,TOT,90,0.0,0.13,0.43,0.56,0,0.13,0.0
0,1,0,773,0,0,0.37,Aleksandar Mitrovic,F,0,7,FUL,90,0.0,0.37,0.0,0.28,0,0.37,0.0
0,1,0,775,1,0,0.05,Andros Townsend,M,0,2,CRY,90,0.07,0.05,0.31,0.41,0,0.05,0.07
0,1,0,782,3,0,0.0,Ben Chilwell,D,0,0,LEI,90,0.12,0.0,0.06,0.06,0,0.0,0.12
0,1,0,787,2,0,0.0,Ryan Bennett,D,0,0,WOL,90,0.3,0.0,0.34,0.64,0,0.0,0.3
0,1,0,790,1,0,0.13,Nathan Redmond,M,0,3,SOU,90,0.04,0.13,0.09,0.2,0,0.13,0.04
0,1,0,803,1,0,0.0,Ben Foster,GK,0,0,WAT,90,0.04,0.0,0.08,0.08,0,0.0,0.04
0,1,0,813,0,0,0.19,Salomón Rondón,S,0,2,NEW,29,0.0,0.19,0.02,0.21,0,0.6,0.0
0,1,0,815,0,0,0.02,Alex Pritchard,M,0,1,HUD,47,0.0,0.02,0.0,0.02,0,0.05,0.0
0,1,0,825,1,0,0.0,Adam Smith,D,0,0,BOU,90,0.08,0.0,0.04,0.12,0,0.0,0.08
0,1,0,833,0,0,0.0,Virgil van Dijk,D,0,0,LIV,90,0.0,0.0,0.94,0.94,0,0.0,0.0
0,1,0,835,2,0,0.01,Ryan Bertrand,M,0,1,SOU,90,0.06,0.01,0.29,0.36,0,0.01,0.06
0,1,0,842,0,0,0.02,Oriol Romeu,M,0,1,SOU,90,0.0,0.02,0.2,0.23,0,0.02,0.0
0,1,0,848,2,0,0.04,Charlie Austin,F,0,1,SOU,73,0.03,0.04,0.0,0.07,0,0.04,0.04
0,1,0,770,1,0,0.05,Ayoze Pérez,M,0,1,NEW,83,0.16,0.05,0.0,0.16,0,0.06,0.18
0,1,0,853,0,0,0.02,Paul Dummett,D,0,1,NEW,90,0.0,0.02,0.41,0.41,0,0.02,0.0
0,1,0,865,0,0,0.21,Marko Arnautovic,F,0,2,WHU,69,0.0,0.21,0.0,0.21,0,0.28,0.0
0,1,0,875,0,0,0.06,Ciaran Clark,D,0,2,NEW,90,0.0,0.06,0.0,0.0,0,0.06,0.0
0,1,0,882,0,0,0.05,Glenn Murray,F,0,1,BHA,90,0.0,0.05,0.0,0.05,0,0.05,0.0
0,1,0,888,0,0,0.0,Xherdan Shaqiri,S,0,0,LIV,6,0.0,0.0,0.0,0.0,0,0.0,0.0
0,1,0,959,0,0,0.0,Joe Bennett,D,0,0,CAR,90,0.0,0.0,0.05,0.05,0,0.0,0.0
0,1,0,985,0,0,0.0,Mason Holgate,S,0,0,EVE,47,0.0,0.0,0.0,0.0,0,0.0,0.0
0,1,0,986,3,0,0.09,Danny Ings,S,0,3,SOU,33,0.15,0.09,0.11,0.23,0,0.23,0.42
0,1,0,987,0,0,0.07,Joseph Gomez,D,0,1,LIV,90,0.0,0.07,0.99,0.99,0,0.07,0.0
0,1,0,1036,0,0,0.0,Jack Wilshere,M,0,0,WHU,90,0.0,0.0,0.0,0.0,0,0.0,0.0
0,1,0,1203,0,0,0.01,Wesley Hoedt,D,0,1,SOU,90,0.0,0.01,0.14,0.15,0,0.01,0.0
0,1,0,1208,2,0,0.0,Felipe Anderson,M,0,0,WHU,64,0.19,0.0,0.0,0.0,0,0.0,0.26
0,1,0,1227,0,0,0.0,Lucas Torreira,S,0,0,ARS,16,0.0,0.0,0.02,0.02,0,0.0,0.0
0,1,0,771,0,0,0.26,Georginio Wijnaldum,M,0,3,LIV,90,0.0,0.26,0.84,1.11,0,0.26,0.0
0,1,0,769,2,0,0.0,Jonjo Shelvey,M,0,0,NEW,90,0.16,0.0,0.56,0.62,0,0.0,0.16
0,1,0,635,0,0,0.0,Alex McCarthy,GK,0,0,SOU,90,0.0,0.0,0.0,0.0,0,0.0,0.0
1,1,0,700,3,0,0.05,Willian,F,0,1,CHE,77,0.15,0.05,0.06,0.21,0,0.06,0.17
0,1,0,637,0,0,0.0,Hugo Lloris,GK,0,0,TOT,90,0.0,0.0,0.43,0.43,0,0.0,0.0
0,1,0,638,0,0,0.0,Kyle Walker,D,0,0,MCI,90,0.0,0.0,0.59,0.59,0,0.0,0.0
0,1,0,642,0,0,0.03,Mousa Dembélé,S,0,1,TOT,20,0.0,0.03,0.0,0.03,0,0.14,0.0
0,1,0,643,0,0,0.0,Eric Dier,M,0,0,TOT,90,0.0,0.0,0.13,0.13,1,0.0,0.0
0,1,0,646,5,0,0.04,Christian Eriksen,M,0,2,TOT,90,0.27,0.04,0.43,0.57,0,0.04,0.27
0,1,0,647,2,0,0.22,Harry Kane,F,0,2,TOT,90,0.25,0.22,0.13,0.6,1,0.22,0.25
0,1,0,660,2,0,0.03,Ben Davies,D,0,1,TOT,90,0.26,0.03,0.13,0.13,0,0.03,0.26
0,1,0,668,0,0,0.0,Idrissa Gueye,M,0,0,EVE,90,0.0,0.0,0.0,0.0,0,0.0,0.0
0,1,0,669,2,0,0.04,Ashley Westwood,M,0,2,BUR,90,0.07,0.04,0.13,0.23,0,0.04,0.07
0,1,0,681,0,0,0.0,César Azpilicueta,D,0,0,CHE,90,0.0,0.0,0.05,0.05,0,0.0,0.0
0,1,0,688,0,0,0.0,Ruben Loftus-Cheek,S,0,0,CHE,21,0.0,0.0,0.0,0.0,0,0.0,0.0
0,1,0,689,0,0,0.03,Kenedy,M,0,1,NEW,90,0.0,0.03,0.59,0.61,0,0.03,0.0
0,1,0,694,0,0,0.0,Asmir Begovic,GK,0,0,BOU,90,0.0,0.0,0.16,0.16,0,0.0,0.0
1,1,0,701,1,0,0.14,Eden Hazard,S,0,1,CHE,13,0.28,0.14,0.0,0.28,0,0.98,1.94
0,1,0,766,0,0,0.0,Jamaal Lascelles,D,0,0,NEW,90,0.0,0.0,0.0,0.0,0,0.0,0.0
0,1,0,706,0,0,0.0,Lukasz Fabianski,GK,0,0,WHU,90,0.0,0.0,0.1,0.1,0,0.0,0.0
0,1,0,712,3,0,0.0,Jack Cork,M,0,0,BUR,90,0.15,0.0,0.02,0.15,1,0.0,0.15
0,1,0,714,0,0,0.0,Gylfi Sigurdsson,M,0,0,EVE,43,0.0,0.0,0.0,0.0,0,0.0,0.0
0,1,0,727,0,0,0.01,DeAndre Yedlin,D,0,1,NEW,90,0.0,0.01,0.42,0.43,0,0.01,0.0
1,1,0,730,2,0,0.03,Patrick van Aanholt,D,0,1,CRY,90,0.18,0.03,0.2,0.22,0,0.03,0.18
0,1,0,735,0,0,0.0,Jermain Defoe,S,0,0,BOU,1,0.0,0.0,0.0,0.0,0,0.0,0.0
0,1,0,741,0,0,0.0,Jordan Pickford,GK,0,0,EVE,90,0.0,0.0,0.0,0.0,0,0.0,0.0
0,1,0,745,0,0,0.1,Kasper Schmeichel,GK,0,1,LEI,90,0.0,0.1,0.11,0.11,0,0.1,0.0
0,1,0,748,0,0,0.0,Wes Morgan,D,0,0,LEI,90,0.0,0.0,0.02,0.02,0,0.0,0.0
0,1,0,750,1,0,0.2,Riyad Mahrez,M,0,2,MCI,64,0.09,0.2,0.1,0.15,0,0.28,0.13
0,1,0,759,1,0,0.0,Daniel Amartey,D,0,0,LEI,64,0.02,0.0,0.05,0.05,1,0.0,0.03
0,1,0,762,0,0,0.13,Demarai Gray,M,0,3,LEI,90,0.0,0.13,0.08,0.21,0,0.13,0.0
0,1,0,764,0,0,0.12,Daryl Janmaat,D,0,2,WAT,90,0.0,0.12,0.0,0.12,0,0.12,0.0
0,1,0,6894,4,0,0.11,Mohamed Elyounoussi,S,0,2,SOU,33,0.23,0.11,0.09,0.21,0,0.31,0.62
